Event.Nr	CDA.nSCR	CDA.Latency	CDA.AmpSum	CDA.SCR	CDA.ISCR	CDA.PhasicMax	CDA.Tonic	TTP.nSCR	TTP.Latency	TTP.AmpSum	Global.Mean	Global.MaxDeflection	Event.NID	Event.Name
  1	 1	2.8912	0.0111	0.0006	0.0885	0.0634	13.0976	 0	   NaN	0.0000	13.1145	0.0016	 95	"95"
  2	 1	1.0162	0.0111	0.0006	0.0962	0.0686	13.0502	 0	   NaN	0.0000	13.0707	0.0011	 20	"20"
  3	 1	3.5113	0.0108	0.0005	0.0859	0.0666	12.9050	 0	   NaN	0.0000	12.9254	0.0019	 21	"21"
  4	 4	0.1298	0.1570	0.0030	0.4767	0.1888	12.8161	 0	   NaN	0.0000	12.8884	0.0160	 22	"22"
  5	 3	0.6463	0.0716	0.0018	0.2923	0.1226	12.7467	 0	   NaN	0.0000	12.8395	0.0018	 23	"23"
  6	 0	   NaN	0.0000	0.0005	0.0732	0.0837	12.6392	 0	   NaN	0.0000	12.6718	0.0033	 24	"24"
  7	 0	   NaN	0.0000	0.0004	0.0662	0.0569	12.5676	 0	   NaN	0.0000	12.5923	0.0010	 25	"25"
  8	 4	0.3162	0.1179	0.0022	0.3578	0.1611	16.2818	 0	   NaN	0.0000	16.3532	0.0000	 26	"26"
  9	 1	0.9112	0.0147	0.0000	0.0000	0.1621	15.6504	 1	3.6363	1.7993	15.7460	0.0234	 80	"80"
 10	 4	0.7267	0.7441	0.0181	2.8982	0.9468	15.7685	 0	   NaN	0.0000	16.0701	0.8286	 81	"81"
 11	 3	0.3003	1.4055	0.0313	5.0149	1.6215	16.1750	 1	2.5503	0.0709	17.3753	0.4649	 82	"82"
 12	 4	0.4318	0.2173	0.0056	0.9020	0.5664	16.6707	 0	   NaN	0.0000	17.3127	0.0000	 83	"83"
 13	 0	   NaN	0.0000	0.0074	1.1804	1.7992	16.9422	 1	2.7982	1.3192	17.0269	0.3371	 84	"84"
 14	 5	0.6772	1.6102	0.0307	4.9139	1.5662	17.0386	 0	   NaN	0.0000	18.2232	0.2607	 85	"85"
 15	 5	0.3322	0.3420	0.0060	0.9645	0.3365	23.3507	 0	   NaN	0.0000	23.4791	0.0000	 86	"86"
 16	 5	0.3197	0.2971	0.0061	0.9802	0.3757	21.7518	 0	   NaN	0.0000	22.0546	0.0000	 60	"60"
 17	 4	0.0533	0.1149	0.0023	0.3756	0.1467	21.3881	 0	   NaN	0.0000	21.5311	0.0000	 61	"61"
 18	 5	0.3637	0.1699	0.0034	0.5437	0.2056	21.0804	 0	   NaN	0.0000	21.1944	0.0000	 62	"62"
 19	 5	0.0053	0.1892	0.0035	0.5536	0.2288	20.6351	 0	   NaN	0.0000	20.7895	0.0000	 63	"63"
 20	 0	   NaN	0.0000	0.0015	0.2404	0.4159	20.3912	 1	3.2372	0.3416	20.4469	0.0357	 64	"64"
 21	 5	0.3267	0.4342	0.0098	1.5716	0.5413	20.3081	 1	1.1267	0.0136	20.7106	0.0573	 65	"65"
 22	 4	0.2787	0.2174	0.0045	0.7170	0.2910	20.9581	 0	   NaN	0.0000	21.0829	0.0006	 66	"66"
 23	 4	0.3938	0.1475	0.0030	0.4841	0.2568	20.3582	 0	   NaN	0.0000	20.5839	0.0005	 80	"80"
 24	 1	3.7282	0.8510	0.0164	2.6304	2.3010	20.3670	 1	2.3782	1.4420	20.5161	0.7199	 81	"81"
 25	 4	0.2223	0.7467	0.0151	2.4103	1.0216	20.5680	 0	   NaN	0.0000	21.5994	0.0000	 82	"82"
 26	 1	0.1098	0.0263	0.0000	0.0000	0.1506	20.7820	 0	   NaN	0.0000	20.9819	0.0026	 83	"83"
 27	 2	2.8522	0.0352	0.0013	0.2111	0.1336	20.5800	 0	   NaN	0.0000	20.6017	0.0005	 84	"84"
 28	 5	0.3052	0.0989	0.0021	0.3381	0.1691	20.1777	 0	   NaN	0.0000	20.2607	0.0027	 85	"85"
 29	 1	3.4448	0.0444	0.0007	0.1138	0.2384	21.9782	 0	   NaN	0.0000	22.0079	0.0012	 86	"86"
 30	 5	0.4932	0.2840	0.0060	0.9612	0.3183	20.6666	 0	   NaN	0.0000	20.8890	0.0000	 60	"60"
 31	 3	0.5788	0.1947	0.0041	0.6550	0.2528	20.2827	 0	   NaN	0.0000	20.4818	0.0001	 61	"61"
 32	 3	0.4768	0.0717	0.0016	0.2629	0.1245	20.0470	 0	   NaN	0.0000	20.1525	0.0011	 62	"62"
 33	 0	   NaN	0.0000	0.0002	0.0389	0.0892	19.8017	 0	   NaN	0.0000	19.8335	0.0023	 63	"63"
 34	 1	3.3663	0.0273	0.0009	0.1432	0.1244	19.5665	 0	   NaN	0.0000	19.5774	0.0030	 64	"64"
 35	 4	0.0437	0.0594	0.0014	0.2286	0.1023	19.3739	 0	   NaN	0.0000	19.4355	0.0029	 65	"65"
 36	 0	   NaN	0.0000	0.0004	0.0685	0.0626	18.5879	 0	   NaN	0.0000	18.5959	0.0009	 66	"66"
 37	 2	1.2017	0.0230	0.0007	0.1137	0.0749	18.2755	 0	   NaN	0.0000	18.3009	0.0011	 40	"40"
 38	 2	0.4883	0.0227	0.0007	0.1046	0.0723	18.0855	 0	   NaN	0.0000	18.1121	0.0009	 41	"41"
 39	 1	2.6563	0.0109	0.0007	0.1156	0.0831	17.9416	 0	   NaN	0.0000	17.9653	0.0028	 42	"42"
 40	 0	   NaN	0.0000	0.0006	0.0981	0.0884	17.8123	 0	   NaN	0.0000	17.8371	0.0042	 43	"43"
 41	 4	0.1227	0.0445	0.0008	0.1349	0.0927	17.7101	 0	   NaN	0.0000	17.7384	0.0044	 44	"44"
 42	 0	   NaN	0.0000	0.0005	0.0737	0.0679	17.6033	 0	   NaN	0.0000	17.6298	0.0011	 45	"45"
 43	 0	   NaN	0.0000	0.0005	0.0794	0.0502	16.9734	 0	   NaN	0.0000	16.9992	0.0022	 46	"46"
 44	 2	1.8498	0.0301	0.0009	0.1453	0.1068	16.8074	 0	   NaN	0.0000	16.8254	0.0087	 40	"40"
 45	 1	1.1582	0.0132	0.0007	0.1171	0.1061	16.6625	 0	   NaN	0.0000	16.6982	0.0026	 41	"41"
 46	 0	   NaN	0.0000	0.0005	0.0829	0.0639	16.5278	 0	   NaN	0.0000	16.5506	0.0016	 42	"42"
 47	 0	   NaN	0.0000	0.0004	0.0621	0.0561	16.4412	 0	   NaN	0.0000	16.4577	0.0013	 43	"43"
 48	 0	   NaN	0.0000	0.0005	0.0756	0.0564	16.3532	 0	   NaN	0.0000	16.3715	0.0018	 44	"44"
 49	 0	   NaN	0.0000	0.0005	0.0746	0.0554	16.1910	 0	   NaN	0.0000	16.2084	0.0047	 45	"45"
 50	 0	   NaN	0.0000	0.0003	0.0539	0.0390	15.6004	 0	   NaN	0.0000	15.6155	0.0015	 46	"46"
 51	 0	   NaN	0.0000	0.0004	0.0661	0.0793	15.4290	 0	   NaN	0.0000	15.4447	0.0021	 20	"20"
 52	 0	   NaN	0.0000	0.0003	0.0512	0.0690	15.3402	 0	   NaN	0.0000	15.3544	0.0034	 21	"21"
 53	 0	   NaN	0.0000	0.0005	0.0740	0.0525	15.1906	 0	   NaN	0.0000	15.2054	0.0012	 22	"22"
 54	 0	   NaN	0.0000	0.0005	0.0770	0.0514	15.0389	 0	   NaN	0.0000	15.0563	0.0010	 23	"23"
 55	 0	   NaN	0.0000	0.0005	0.0774	0.0744	14.9525	 0	   NaN	0.0000	14.9726	0.0034	 24	"24"
 56	 1	3.2407	0.0104	0.0005	0.0778	0.0888	14.8377	 0	   NaN	0.0000	14.8555	0.0033	 25	"25"
 57	 2	0.4273	0.0240	0.0010	0.1569	0.0777	14.3291	 0	   NaN	0.0000	14.3670	0.0021	 26	"26"
 58	 0	   NaN	0.0000	0.0003	0.0444	0.0607	13.6928	 0	   NaN	0.0000	13.7043	0.0030	 95	"95"
 59	 0	   NaN	0.0000	0.0004	0.0580	0.0543	13.5950	 0	   NaN	0.0000	13.6064	0.0024	 60	"60"
 60	 0	   NaN	0.0000	0.0004	0.0571	0.0469	13.4869	 0	   NaN	0.0000	13.4993	0.0033	 61	"61"
 61	 0	   NaN	0.0000	0.0003	0.0542	0.0408	13.4043	 0	   NaN	0.0000	13.4158	0.0010	 62	"62"
 62	 1	1.8022	0.0127	0.0005	0.0880	0.1074	13.3002	 0	   NaN	0.0000	13.3191	0.0080	 63	"63"
 63	 0	   NaN	0.0000	0.0005	0.0762	0.0663	13.2113	 0	   NaN	0.0000	13.2263	0.0029	 64	"64"
 64	 2	1.3768	0.0283	0.0010	0.1537	0.0780	13.0906	 0	   NaN	0.0000	13.1165	0.0016	 65	"65"
 65	 0	   NaN	0.0000	0.0000	0.0000	0.0583	14.5574	 0	   NaN	0.0000	14.6186	0.0000	 66	"66"
 66	 1	0.5822	0.0104	0.0008	0.1282	0.0862	14.2014	 0	   NaN	0.0000	14.2286	0.0002	 20	"20"
 67	 3	0.2448	0.0355	0.0010	0.1591	0.0698	14.0196	 0	   NaN	0.0000	14.0554	0.0004	 21	"21"
 68	 3	0.1997	0.0387	0.0009	0.1362	0.0822	13.9046	 0	   NaN	0.0000	13.9397	0.0006	 22	"22"
 69	 1	3.0423	0.0122	0.0007	0.1167	0.0603	13.7934	 0	   NaN	0.0000	13.8246	0.0006	 23	"23"
 70	 0	   NaN	0.0000	0.0007	0.1116	0.0735	13.6699	 0	   NaN	0.0000	13.6949	0.0017	 24	"24"
 71	 0	   NaN	0.0000	0.0005	0.0850	0.0594	13.5280	 0	   NaN	0.0000	13.5490	0.0039	 25	"25"
 72	 1	2.5933	0.0162	0.0006	0.1028	0.0668	13.0766	 0	   NaN	0.0000	13.0940	0.0041	 26	"26"
 73	 0	   NaN	0.0000	0.0002	0.0383	0.0462	12.9732	 0	   NaN	0.0000	12.9896	0.0013	 40	"40"
 74	 0	   NaN	0.0000	0.0002	0.0247	0.0458	12.9101	 0	   NaN	0.0000	12.9156	0.0039	 41	"41"
 75	 0	   NaN	0.0000	0.0003	0.0546	0.0444	12.8426	 0	   NaN	0.0000	12.8537	0.0014	 42	"42"
 76	 0	   NaN	0.0000	0.0003	0.0445	0.0526	12.7919	 0	   NaN	0.0000	12.8044	0.0016	 43	"43"
 77	 0	   NaN	0.0000	0.0003	0.0531	0.0547	12.7432	 0	   NaN	0.0000	12.7544	0.0055	 44	"44"
 78	 0	   NaN	0.0000	0.0003	0.0505	0.0375	12.6558	 0	   NaN	0.0000	12.6669	0.0015	 45	"45"
 79	 0	   NaN	0.0000	0.0003	0.0482	0.0489	12.3733	 0	   NaN	0.0000	12.3829	0.0055	 46	"46"
 80	 0	   NaN	0.0000	0.0002	0.0382	0.0480	12.2847	 0	   NaN	0.0000	12.2940	0.0033	 40	"40"
 81	 0	   NaN	0.0000	0.0002	0.0389	0.0535	12.2445	 0	   NaN	0.0000	12.2528	0.0027	 41	"41"
 82	 1	1.5127	0.0110	0.0003	0.0417	0.0692	12.1679	 0	   NaN	0.0000	12.1814	0.0058	 42	"42"
 83	 0	   NaN	0.0000	0.0003	0.0417	0.0386	12.1248	 0	   NaN	0.0000	12.1352	0.0040	 43	"43"
 84	 0	   NaN	0.0000	0.0003	0.0410	0.0599	12.0510	 0	   NaN	0.0000	12.0611	0.0044	 44	"44"
 85	 0	   NaN	0.0000	0.0002	0.0371	0.0345	12.0043	 0	   NaN	0.0000	12.0142	0.0016	 45	"45"
 86	 0	   NaN	0.0000	0.0002	0.0332	0.0320	11.7315	 0	   NaN	0.0000	11.7429	0.0024	 46	"46"
 87	 0	   NaN	0.0000	0.0002	0.0316	0.0471	11.6555	 0	   NaN	0.0000	11.6642	0.0047	 80	"80"
 88	 0	   NaN	0.0000	0.0002	0.0313	0.0845	11.6190	 0	   NaN	0.0000	11.6238	0.0090	 81	"81"
 89	 5	0.7933	0.3071	0.0058	0.9261	0.2839	11.6137	 0	   NaN	0.0000	11.7551	0.1794	 82	"82"
 90	 3	1.0308	0.0773	0.0025	0.4017	0.2560	11.7239	 0	   NaN	0.0000	11.8954	0.0296	 83	"83"
 91	 0	   NaN	0.0000	0.0000	0.0000	0.0435	11.8448	 0	   NaN	0.0000	11.8702	0.0051	 84	"84"
 92	 5	0.8868	0.1455	0.0029	0.4694	0.2069	11.9011	 3	0.2117	0.0598	12.0007	0.0650	 85	"85"
 93	 0	   NaN	0.0000	0.0000	0.0000	0.0787	20.0315	 0	   NaN	0.0000	20.1521	0.0000	 86	"86"
 94	 4	0.8212	0.0628	0.0020	0.3264	0.1692	18.8265	 0	   NaN	0.0000	18.9667	0.0005	 80	"80"
 95	 5	0.2852	0.1278	0.0025	0.3979	0.1616	18.5587	 0	   NaN	0.0000	18.6509	0.0012	 81	"81"
 96	 2	0.0308	0.0245	0.0006	0.0986	0.0731	18.2478	 0	   NaN	0.0000	18.2900	0.0000	 82	"82"
 97	 0	   NaN	0.0000	0.0001	0.0212	0.0699	18.0002	 0	   NaN	0.0000	18.0111	0.0000	 83	"83"
 98	 4	0.0793	0.1146	0.0022	0.3479	0.1938	17.6897	 0	   NaN	0.0000	17.7339	0.0050	 84	"84"
 99	 5	0.5193	0.4837	0.0101	1.6192	0.4725	17.1145	 0	   NaN	0.0000	17.4330	0.0026	 85	"85"
100	 0	   NaN	0.0000	0.0003	0.0431	0.0969	19.1598	 0	   NaN	0.0000	19.1777	0.0034	 86	"86"
101	 1	2.5947	0.0124	0.0006	0.0981	0.1188	18.7774	 0	   NaN	0.0000	18.8038	0.0048	 60	"60"
102	 0	   NaN	0.0000	0.0002	0.0283	0.0602	18.5558	 0	   NaN	0.0000	18.5726	0.0015	 61	"61"
103	 0	   NaN	0.0000	0.0002	0.0400	0.0651	18.3683	 0	   NaN	0.0000	18.3829	0.0019	 62	"62"
104	 0	   NaN	0.0000	0.0006	0.0903	0.0802	18.2704	 0	   NaN	0.0000	18.2848	0.0021	 63	"63"
105	 1	1.7303	0.0129	0.0006	0.0958	0.1064	18.1515	 0	   NaN	0.0000	18.1764	0.0055	 64	"64"
106	 0	   NaN	0.0000	0.0004	0.0704	0.0493	17.9750	 0	   NaN	0.0000	17.9943	0.0008	 65	"65"
107	 2	2.8782	0.0246	0.0009	0.1394	0.1014	17.3516	 0	   NaN	0.0000	17.3723	0.0064	 66	"66"
108	 0	   NaN	0.0000	0.0004	0.0627	0.0547	17.1835	 0	   NaN	0.0000	17.2020	0.0034	 20	"20"
109	 1	0.1103	0.0110	0.0005	0.0873	0.0961	17.0350	 0	   NaN	0.0000	17.0536	0.0058	 21	"21"
110	 0	   NaN	0.0000	0.0003	0.0446	0.0634	16.9015	 0	   NaN	0.0000	16.9171	0.0038	 22	"22"
111	 0	   NaN	0.0000	0.0005	0.0749	0.1386	16.8001	 0	   NaN	0.0000	16.8142	0.0092	 23	"23"
112	 1	0.9037	0.0138	0.0004	0.0588	0.1212	16.6991	 0	   NaN	0.0000	16.7300	0.0065	 24	"24"
113	 0	   NaN	0.0000	0.0003	0.0454	0.0914	16.5891	 0	   NaN	0.0000	16.6035	0.0059	 25	"25"
114	 0	   NaN	0.0000	0.0005	0.0837	0.0669	16.1400	 0	   NaN	0.0000	16.1561	0.0049	 26	"26"
115	 0	   NaN	0.0000	0.0002	0.0308	0.0594	15.2678	 0	   NaN	0.0000	15.2784	0.0042	 91	"91"
116	 0	   NaN	0.0000	0.0002	0.0391	0.0639	15.2449	 0	   NaN	0.0000	15.2546	0.0046	 95	"95"
117	 0	   NaN	0.0000	0.0002	0.0314	0.0791	15.1750	 0	   NaN	0.0000	15.1833	0.0058	 40	"40"
118	 0	   NaN	0.0000	0.0006	0.1010	0.0757	15.1079	 0	   NaN	0.0000	15.1252	0.0054	 41	"41"
119	 0	   NaN	0.0000	0.0003	0.0419	0.0659	14.9992	 0	   NaN	0.0000	15.0103	0.0018	 42	"42"
120	 0	   NaN	0.0000	0.0002	0.0390	0.0478	14.8914	 0	   NaN	0.0000	14.8989	0.0018	 43	"43"
121	 0	   NaN	0.0000	0.0003	0.0489	0.0524	14.8264	 0	   NaN	0.0000	14.8378	0.0015	 44	"44"
122	 0	   NaN	0.0000	0.0003	0.0428	0.0682	14.7560	 0	   NaN	0.0000	14.7690	0.0038	 45	"45"
123	 0	   NaN	0.0000	0.0001	0.0227	0.0322	14.4438	 0	   NaN	0.0000	14.4548	0.0016	 46	"46"
124	 0	   NaN	0.0000	0.0001	0.0119	0.0463	14.3188	 0	   NaN	0.0000	14.3240	0.0037	 40	"40"
125	 0	   NaN	0.0000	0.0003	0.0538	0.0772	14.2578	 0	   NaN	0.0000	14.2662	0.0062	 41	"41"
126	 0	   NaN	0.0000	0.0004	0.0589	0.0661	14.1616	 0	   NaN	0.0000	14.1740	0.0039	 42	"42"
127	 0	   NaN	0.0000	0.0004	0.0598	0.0584	14.0805	 0	   NaN	0.0000	14.0927	0.0037	 43	"43"
128	 2	2.7327	0.0783	0.0019	0.3101	0.2339	13.9819	 2	2.5327	0.0395	14.0136	0.0394	 44	"44"
129	 0	   NaN	0.0000	0.0005	0.0846	0.0653	13.8938	 0	   NaN	0.0000	13.9258	0.0018	 45	"45"
130	 0	   NaN	0.0000	0.0003	0.0496	0.0508	13.7003	 0	   NaN	0.0000	13.7160	0.0034	 46	"46"
131	 0	   NaN	0.0000	0.0008	0.1245	0.1771	13.5748	 1	3.5067	0.0500	13.5837	0.0097	 20	"20"
132	 1	3.3252	0.0111	0.0006	0.0899	0.0803	13.5106	 0	   NaN	0.0000	13.5451	0.0061	 21	"21"
133	 0	   NaN	0.0000	0.0005	0.0784	0.0448	13.4635	 0	   NaN	0.0000	13.4895	0.0011	 22	"22"
134	 0	   NaN	0.0000	0.0002	0.0325	0.0377	13.4057	 0	   NaN	0.0000	13.4186	0.0016	 23	"23"
135	 0	   NaN	0.0000	0.0000	0.0078	0.0419	13.3454	 0	   NaN	0.0000	13.3493	0.0022	 24	"24"
136	 0	   NaN	0.0000	0.0003	0.0530	0.0733	13.2925	 0	   NaN	0.0000	13.2997	0.0079	 25	"25"
137	 0	   NaN	0.0000	0.0003	0.0407	0.0604	13.0270	 0	   NaN	0.0000	13.0337	0.0051	 26	"26"
138	 0	   NaN	0.0000	0.0006	0.0958	0.0679	12.9531	 0	   NaN	0.0000	12.9684	0.0098	 80	"80"
139	 0	   NaN	0.0000	0.0002	0.0308	0.0778	12.9070	 0	   NaN	0.0000	12.9170	0.0062	 81	"81"
140	 0	   NaN	0.0000	0.0005	0.0721	0.0582	12.8601	 0	   NaN	0.0000	12.8734	0.0039	 82	"82"
141	 0	   NaN	0.0000	0.0002	0.0300	0.0742	12.8062	 0	   NaN	0.0000	12.8189	0.0065	 83	"83"
142	 3	1.1287	0.1115	0.0026	0.4176	0.2212	12.7289	 0	   NaN	0.0000	12.7690	0.0048	 84	"84"
143	 5	0.1877	0.5760	0.0102	1.6256	0.5339	12.4978	 0	   NaN	0.0000	12.7416	0.0059	 85	"85"
144	 4	1.2597	0.1992	0.0045	0.7257	0.3536	21.9834	 1	1.1347	0.0265	22.0855	0.0538	 86	"86"
145	 1	3.5362	0.0151	0.0005	0.0862	0.0938	20.7815	 0	   NaN	0.0000	20.7912	0.0000	 60	"60"
146	 5	0.2022	0.1367	0.0026	0.4131	0.1677	20.1624	 0	   NaN	0.0000	20.2345	0.0000	 61	"61"
147	 6	0.1447	0.1689	0.0033	0.5285	0.2317	19.6941	 0	   NaN	0.0000	19.8168	0.0031	 62	"62"
148	 2	0.4292	0.0320	0.0010	0.1552	0.0951	19.3554	 0	   NaN	0.0000	19.4324	0.0000	 63	"63"
149	 1	2.7452	0.0127	0.0005	0.0742	0.1092	19.0431	 0	   NaN	0.0000	19.0549	0.0001	 64	"64"
150	 4	0.1762	0.0682	0.0016	0.2573	0.1130	18.6294	 0	   NaN	0.0000	18.6878	0.0011	 65	"65"
151	 1	3.3682	0.6662	0.0186	2.9775	1.6561	17.7595	 1	1.5182	1.5355	17.9610	0.7199	 66	"66"
152	 5	0.3247	0.3497	0.0077	1.2252	0.6487	18.4982	 0	   NaN	0.0000	19.2667	0.0040	 20	"20"
153	 0	   NaN	0.0000	0.0004	0.0569	0.0786	18.9037	 0	   NaN	0.0000	19.0160	0.0034	 21	"21"
154	 0	   NaN	0.0000	0.0001	0.0141	0.0417	18.7608	 0	   NaN	0.0000	18.7683	0.0009	 22	"22"
155	 1	3.9082	0.0120	0.0008	0.1283	0.0856	18.5504	 0	   NaN	0.0000	18.5751	0.0039	 23	"23"
156	 1	0.5068	0.0353	0.0013	0.2093	0.1782	18.3824	 0	   NaN	0.0000	18.4608	0.0043	 24	"24"
157	 1	1.2633	0.0131	0.0010	0.1530	0.1006	18.2279	 0	   NaN	0.0000	18.2711	0.0035	 25	"25"
158	 3	2.1182	0.0631	0.0017	0.2759	0.1337	17.7431	 1	1.6932	0.0145	17.7805	0.0203	 26	"26"
159	 1	1.7818	0.0107	0.0006	0.0958	0.1115	17.6094	 0	   NaN	0.0000	17.6422	0.0098	 80	"80"
160	 0	   NaN	0.0000	0.0006	0.0891	0.0621	17.5307	 0	   NaN	0.0000	17.5552	0.0015	 81	"81"
161	 0	   NaN	0.0000	0.0003	0.0510	0.0480	17.4405	 0	   NaN	0.0000	17.4567	0.0014	 82	"82"
162	 0	   NaN	0.0000	0.0001	0.0194	0.0578	17.3444	 0	   NaN	0.0000	17.3524	0.0015	 83	"83"
163	 1	2.8497	0.0188	0.0005	0.0812	0.1458	17.2310	 1	2.8247	0.0106	17.2461	0.0106	 84	"84"
164	 0	   NaN	0.0000	0.0008	0.1351	0.0833	17.1433	 0	   NaN	0.0000	17.1643	0.0054	 85	"85"
165	 0	   NaN	0.0000	0.0000	0.0000	0.0452	21.1175	 0	   NaN	0.0000	21.2425	0.0000	 86	"86"
166	 5	0.4938	0.2051	0.0043	0.6886	0.2892	20.0275	 0	   NaN	0.0000	20.1935	0.0018	 60	"60"
167	 3	0.1562	0.1622	0.0036	0.5745	0.2224	19.7041	 0	   NaN	0.0000	19.8613	0.0000	 61	"61"
168	 2	0.1393	0.0310	0.0010	0.1524	0.1318	19.3683	 0	   NaN	0.0000	19.4383	0.0004	 62	"62"
169	 6	0.0233	0.1085	0.0021	0.3329	0.1701	19.0693	 0	   NaN	0.0000	19.1243	0.0026	 63	"63"
170	 4	0.3902	0.0707	0.0016	0.2489	0.1272	18.8838	 0	   NaN	0.0000	18.9478	0.0027	 64	"64"
171	 3	0.6357	0.0330	0.0011	0.1714	0.1103	18.7034	 0	   NaN	0.0000	18.7566	0.0016	 65	"65"
172	 0	   NaN	0.0000	0.0006	0.0969	0.0659	17.8971	 0	   NaN	0.0000	17.9167	0.0019	 66	"66"
173	 1	2.9432	0.0532	0.0021	0.3296	0.3713	17.0679	 1	1.7932	0.2855	17.0950	0.1127	 95	"95"
174	 5	0.1882	0.3237	0.0062	0.9964	0.3264	17.1383	 2	0.9632	0.0561	17.3771	0.1010	 60	"60"
175	 3	0.0737	0.0762	0.0016	0.2552	0.1517	17.2538	 0	   NaN	0.0000	17.3968	0.0046	 61	"61"
176	 0	   NaN	0.0000	0.0000	0.0021	0.0521	17.2881	 0	   NaN	0.0000	17.2956	0.0023	 62	"62"
177	 0	   NaN	0.0000	0.0004	0.0565	0.0587	17.1760	 0	   NaN	0.0000	17.1912	0.0040	 63	"63"
178	 0	   NaN	0.0000	0.0004	0.0691	0.0598	17.1013	 0	   NaN	0.0000	17.1167	0.0017	 64	"64"
179	 3	0.5483	0.1380	0.0031	0.5004	0.1867	16.9415	 0	   NaN	0.0000	17.0131	0.0020	 65	"65"
180	 3	0.8072	0.0394	0.0011	0.1699	0.1185	18.1543	 0	   NaN	0.0000	18.1800	0.0078	 66	"66"
181	 0	   NaN	0.0000	0.0001	0.0183	0.0508	17.9311	 0	   NaN	0.0000	17.9375	0.0026	 20	"20"
182	 0	   NaN	0.0000	0.0003	0.0511	0.0626	17.7912	 0	   NaN	0.0000	17.7993	0.0030	 21	"21"
183	 0	   NaN	0.0000	0.0004	0.0708	0.0586	17.6619	 0	   NaN	0.0000	17.6752	0.0010	 22	"22"
184	 1	1.6153	0.0117	0.0006	0.0948	0.0732	17.5330	 0	   NaN	0.0000	17.5529	0.0013	 23	"23"
185	 0	   NaN	0.0000	0.0006	0.0908	0.0531	17.3799	 0	   NaN	0.0000	17.4016	0.0012	 24	"24"
186	 2	1.3303	0.0250	0.0009	0.1362	0.0909	17.2323	 0	   NaN	0.0000	17.2606	0.0041	 25	"25"
187	 3	0.7227	0.0850	0.0021	0.3422	0.1434	16.9063	 2	0.5477	0.0263	16.9851	0.0274	 26	"26"
188	 0	   NaN	0.0000	0.0003	0.0527	0.0878	16.8837	 0	   NaN	0.0000	16.9022	0.0075	 60	"60"
189	 0	   NaN	0.0000	0.0001	0.0084	0.0351	16.8525	 0	   NaN	0.0000	16.8590	0.0027	 61	"61"
190	 0	   NaN	0.0000	0.0002	0.0321	0.0394	16.7813	 0	   NaN	0.0000	16.7877	0.0047	 62	"62"
191	 0	   NaN	0.0000	0.0003	0.0546	0.0473	16.7328	 0	   NaN	0.0000	16.7433	0.0023	 63	"63"
192	 1	2.5913	0.0156	0.0006	0.0946	0.0713	16.6865	 0	   NaN	0.0000	16.7024	0.0050	 64	"64"
193	 1	3.1887	0.0123	0.0005	0.0879	0.0605	16.6004	 0	   NaN	0.0000	16.6200	0.0036	 65	"65"
194	 0	   NaN	0.0000	0.0005	0.0787	0.0724	16.4089	 0	   NaN	0.0000	16.4184	0.0038	 66	"66"
195	 1	0.8128	0.0105	0.0003	0.0509	0.0916	16.3366	 0	   NaN	0.0000	16.3577	0.0068	 80	"80"
196	 0	   NaN	0.0000	0.0002	0.0391	0.0480	16.2910	 0	   NaN	0.0000	16.2996	0.0030	 81	"81"
197	 0	   NaN	0.0000	0.0003	0.0429	0.0453	16.2115	 0	   NaN	0.0000	16.2200	0.0030	 82	"82"
198	 0	   NaN	0.0000	0.0003	0.0407	0.0395	16.1661	 0	   NaN	0.0000	16.1773	0.0020	 83	"83"
199	 1	3.7002	0.0157	0.0005	0.0767	0.1219	16.0944	 0	   NaN	0.0000	16.1029	0.0088	 84	"84"
200	 7	0.3787	0.3377	0.0063	1.0139	0.3626	15.9035	 1	0.3787	0.0118	16.0379	0.0118	 85	"85"
201	 3	1.5218	0.1642	0.0030	0.4850	0.3301	21.8439	 0	   NaN	0.0000	21.8905	0.0000	 86	"86"
202	 5	0.6357	0.1056	0.0025	0.3990	0.1688	20.5607	 0	   NaN	0.0000	20.7389	0.0000	 40	"40"
203	 0	   NaN	0.0000	0.0003	0.0462	0.0602	20.1570	 0	   NaN	0.0000	20.1923	0.0000	 41	"41"
204	 0	   NaN	0.0000	0.0003	0.0475	0.0650	19.8406	 0	   NaN	0.0000	19.8511	0.0003	 42	"42"
205	 0	   NaN	0.0000	0.0001	0.0144	0.0361	19.5271	 0	   NaN	0.0000	19.5340	0.0000	 43	"43"
206	 0	   NaN	0.0000	0.0001	0.0146	0.0515	19.2960	 0	   NaN	0.0000	19.2994	0.0001	 44	"44"
207	 1	3.2893	0.0100	0.0005	0.0735	0.0740	18.9984	 0	   NaN	0.0000	19.0110	0.0000	 45	"45"
208	 0	   NaN	0.0000	0.0003	0.0528	0.1008	17.9470	 0	   NaN	0.0000	17.9650	0.0014	 46	"46"
209	 1	0.7052	0.0141	0.0005	0.0816	0.1023	17.7413	 0	   NaN	0.0000	17.7569	0.0023	 40	"40"
210	 3	0.1937	0.0417	0.0010	0.1633	0.1558	17.6329	 0	   NaN	0.0000	17.6620	0.0055	 41	"41"
211	 1	1.6312	0.0107	0.0007	0.1042	0.0740	17.4874	 0	   NaN	0.0000	17.5187	0.0043	 42	"42"
212	 1	2.5662	0.0106	0.0006	0.0882	0.0681	17.3994	 0	   NaN	0.0000	17.4187	0.0033	 43	"43"
213	 0	   NaN	0.0000	0.0001	0.0212	0.0594	17.3114	 0	   NaN	0.0000	17.3216	0.0035	 44	"44"
214	 0	   NaN	0.0000	0.0004	0.0564	0.0673	17.1976	 0	   NaN	0.0000	17.2070	0.0018	 45	"45"
215	 5	0.3688	0.0737	0.0015	0.2330	0.1224	16.8120	 0	   NaN	0.0000	16.8788	0.0050	 46	"46"
216	 1	0.4327	0.0115	0.0002	0.0263	0.0823	16.7545	 0	   NaN	0.0000	16.7731	0.0051	 80	"80"
217	 0	   NaN	0.0000	0.0003	0.0497	0.1014	16.6691	 0	   NaN	0.0000	16.6747	0.0067	 81	"81"
218	 0	   NaN	0.0000	0.0004	0.0645	0.0781	16.5533	 0	   NaN	0.0000	16.5718	0.0045	 82	"82"
219	 0	   NaN	0.0000	0.0004	0.0589	0.0741	16.4754	 0	   NaN	0.0000	16.4916	0.0063	 83	"83"
220	 0	   NaN	0.0000	0.0004	0.0713	0.0839	16.3828	 0	   NaN	0.0000	16.3959	0.0047	 84	"84"
221	 5	0.4437	0.1554	0.0034	0.5505	0.2022	16.2307	 0	   NaN	0.0000	16.3094	0.0035	 85	"85"
222	 1	0.8283	0.0114	0.0004	0.0587	0.1239	21.4024	 0	   NaN	0.0000	21.5899	0.0000	 86	"86"
223	 0	   NaN	0.0000	0.0001	0.0215	0.0463	20.5135	 0	   NaN	0.0000	20.5221	0.0000	 20	"20"
224	 4	0.3542	0.1066	0.0021	0.3397	0.1570	19.9551	 0	   NaN	0.0000	20.0082	0.0000	 21	"21"
225	 4	0.5227	0.1352	0.0029	0.4637	0.1633	19.4945	 0	   NaN	0.0000	19.6103	0.0000	 22	"22"
226	 4	0.0813	0.0730	0.0015	0.2418	0.1698	19.2965	 0	   NaN	0.0000	19.3864	0.0000	 23	"23"
227	 0	   NaN	0.0000	0.0001	0.0101	0.0689	19.0698	 0	   NaN	0.0000	19.0921	0.0031	 24	"24"
228	 0	   NaN	0.0000	0.0002	0.0309	0.0748	18.8126	 0	   NaN	0.0000	18.8175	0.0010	 25	"25"
229	 0	   NaN	0.0000	0.0007	0.1044	0.1257	17.9579	 1	2.9357	0.0100	17.9801	0.0100	 26	"26"
230	 2	2.7477	0.0601	0.0007	0.1139	0.1707	20.4401	 0	   NaN	0.0000	20.4762	0.0062	 95	"95"
231	 4	0.4572	0.1440	0.0029	0.4569	0.1759	20.1247	 0	   NaN	0.0000	20.2357	0.0000	 60	"60"
232	 4	0.4747	0.0494	0.0012	0.1896	0.0888	19.9028	 0	   NaN	0.0000	19.9835	0.0000	 61	"61"
233	 0	   NaN	0.0000	0.0002	0.0288	0.0823	19.6152	 0	   NaN	0.0000	19.6354	0.0029	 62	"62"
234	 0	   NaN	0.0000	0.0004	0.0562	0.0528	19.3518	 0	   NaN	0.0000	19.3584	0.0001	 63	"63"
235	 4	0.3633	0.0934	0.0021	0.3424	0.1511	19.1530	 0	   NaN	0.0000	19.1901	0.0024	 64	"64"
236	 3	0.6833	0.2617	0.0059	0.9376	0.3317	18.8625	 0	   NaN	0.0000	19.0175	0.0071	 65	"65"
237	 0	   NaN	0.0000	0.0001	0.0228	0.0751	19.4275	 0	   NaN	0.0000	19.4444	0.0004	 66	"66"
238	 3	1.3583	0.0433	0.0010	0.1629	0.0769	18.9849	 0	   NaN	0.0000	19.0314	0.0011	 40	"40"
239	 3	0.4477	0.0381	0.0008	0.1294	0.0964	18.8197	 0	   NaN	0.0000	18.8565	0.0019	 41	"41"
240	 2	1.1487	0.0210	0.0008	0.1254	0.0809	18.6759	 0	   NaN	0.0000	18.7103	0.0042	 42	"42"
241	 1	0.7583	0.0116	0.0007	0.1152	0.0741	18.5201	 0	   NaN	0.0000	18.5514	0.0021	 43	"43"
242	 0	   NaN	0.0000	0.0004	0.0677	0.0824	18.4005	 0	   NaN	0.0000	18.4275	0.0066	 44	"44"
243	 0	   NaN	0.0000	0.0005	0.0748	0.0847	18.3020	 0	   NaN	0.0000	18.3173	0.0044	 45	"45"
244	 3	0.9178	0.4965	0.0143	2.2835	1.1382	19.6850	 0	   NaN	0.0000	20.8728	0.0148	 46	"46"
245	 0	   NaN	0.0000	0.0000	0.0000	0.0986	19.9071	 0	   NaN	0.0000	19.9241	0.0041	 80	"80"
246	 3	1.1928	0.1126	0.0027	0.4378	0.1935	19.5349	 0	   NaN	0.0000	19.6031	0.0032	 81	"81"
247	 4	0.1902	0.0903	0.0019	0.3030	0.1545	19.3017	 0	   NaN	0.0000	19.3975	0.0015	 82	"82"
248	 1	0.5293	0.0101	0.0005	0.0806	0.0642	19.2013	 0	   NaN	0.0000	19.2526	0.0002	 83	"83"
249	 5	0.1998	0.4086	0.0085	1.3679	0.5104	18.8534	 1	1.9997	0.0142	19.0229	0.0142	 84	"84"
250	 5	0.6032	0.7155	0.0142	2.2687	0.6843	18.3758	 0	   NaN	0.0000	18.8807	0.0074	 85	"85"
251	 5	0.5003	0.6789	0.0153	2.4430	0.7240	21.8864	 0	   NaN	0.0000	22.3014	0.0000	 86	"86"
252	 5	0.2987	0.1015	0.0022	0.3513	0.2079	20.9425	 0	   NaN	0.0000	21.1270	0.0004	 80	"80"
253	 2	0.3872	0.0316	0.0009	0.1394	0.1613	20.7536	 0	   NaN	0.0000	20.8263	0.0000	 81	"81"
254	 1	1.5908	0.0108	0.0003	0.0411	0.1246	20.4440	 0	   NaN	0.0000	20.4616	0.0000	 82	"82"
255	 1	2.2323	0.0110	0.0004	0.0661	0.1047	20.2047	 0	   NaN	0.0000	20.2156	0.0000	 83	"83"
256	 5	0.8678	0.0937	0.0021	0.3354	0.1609	19.8970	 0	   NaN	0.0000	19.9455	0.0022	 84	"84"
257	 5	0.1618	0.2626	0.0047	0.7596	0.2668	19.5975	 0	   NaN	0.0000	19.7233	0.0005	 85	"85"
258	 1	3.7832	0.0218	0.0004	0.0700	0.1478	21.0634	 0	   NaN	0.0000	21.1282	0.0010	 86	"86"
259	 1	2.7883	0.0156	0.0009	0.1381	0.0813	20.4787	 0	   NaN	0.0000	20.5009	0.0001	 20	"20"
260	 2	1.0257	0.0258	0.0010	0.1588	0.0951	20.2616	 0	   NaN	0.0000	20.2994	0.0026	 21	"21"
261	 0	   NaN	0.0000	0.0003	0.0544	0.0656	20.0340	 0	   NaN	0.0000	20.0561	0.0018	 22	"22"
262	 1	2.8812	0.0111	0.0007	0.1131	0.0862	19.7876	 0	   NaN	0.0000	19.8024	0.0026	 23	"23"
263	 2	1.3213	0.0283	0.0012	0.1900	0.0838	19.5495	 0	   NaN	0.0000	19.5943	0.0011	 24	"24"
264	 2	0.1647	0.0225	0.0009	0.1431	0.0984	19.3820	 0	   NaN	0.0000	19.4205	0.0041	 25	"25"
265	 0	   NaN	0.0000	0.0003	0.0463	0.0536	18.8189	 0	   NaN	0.0000	18.8370	0.0049	 26	"26"
266	 1	1.5632	0.0147	0.0008	0.1208	0.1176	18.6415	 0	   NaN	0.0000	18.7111	0.0039	 40	"40"
267	 0	   NaN	0.0000	0.0006	0.0965	0.0605	18.5713	 0	   NaN	0.0000	18.6049	0.0021	 41	"41"
268	 0	   NaN	0.0000	0.0002	0.0289	0.0976	18.5195	 0	   NaN	0.0000	18.5366	0.0081	 42	"42"
269	 0	   NaN	0.0000	0.0001	0.0117	0.0585	18.4382	 0	   NaN	0.0000	18.4421	0.0037	 43	"43"
270	 0	   NaN	0.0000	0.0002	0.0364	0.0468	18.3546	 0	   NaN	0.0000	18.3615	0.0025	 44	"44"
271	 2	3.0877	0.1142	0.0022	0.3534	0.2733	18.2762	 1	2.9128	0.0545	18.3053	0.0438	 45	"45"
272	 2	2.5217	0.0463	0.0011	0.1809	0.1306	17.8822	 0	   NaN	0.0000	17.8979	0.0117	 46	"46"
273	 1	2.3587	0.0107	0.0005	0.0796	0.1092	17.7240	 0	   NaN	0.0000	17.7483	0.0081	 20	"20"
274	 1	3.2643	0.0166	0.0007	0.1072	0.1505	17.6220	 1	3.2143	0.0113	17.6412	0.0113	 21	"21"
275	 1	1.9587	0.0127	0.0005	0.0855	0.1460	17.5077	 1	1.9587	0.0130	17.5282	0.0130	 22	"22"
276	 2	0.0488	0.0210	0.0007	0.1177	0.1161	17.4297	 0	   NaN	0.0000	17.4531	0.0071	 23	"23"
277	 0	   NaN	0.0000	0.0005	0.0737	0.0625	17.3543	 0	   NaN	0.0000	17.3754	0.0049	 24	"24"
278	 0	   NaN	0.0000	0.0001	0.0137	0.0545	17.2766	 0	   NaN	0.0000	17.2894	0.0017	 25	"25"
279	 0	   NaN	0.0000	0.0004	0.0657	0.0545	16.8797	 0	   NaN	0.0000	16.8933	0.0050	 26	"26"
280	 1	0.4958	0.0112	0.0004	0.0667	0.0581	16.7534	 0	   NaN	0.0000	16.7699	0.0030	 60	"60"
281	 0	   NaN	0.0000	0.0002	0.0315	0.0522	16.6679	 0	   NaN	0.0000	16.6785	0.0017	 61	"61"
282	 2	0.6147	0.0435	0.0011	0.1729	0.1601	16.5477	 0	   NaN	0.0000	16.5852	0.0096	 62	"62"
283	 0	   NaN	0.0000	0.0005	0.0845	0.0805	16.4633	 0	   NaN	0.0000	16.4908	0.0058	 63	"63"
284	 0	   NaN	0.0000	0.0003	0.0435	0.0877	16.4121	 0	   NaN	0.0000	16.4303	0.0052	 64	"64"
285	 0	   NaN	0.0000	0.0002	0.0368	0.0688	16.3581	 0	   NaN	0.0000	16.3677	0.0056	 65	"65"
286	 0	   NaN	0.0000	0.0002	0.0371	0.0407	16.0668	 0	   NaN	0.0000	16.0787	0.0027	 66	"66"
287	 0	   NaN	0.0000	0.0005	0.0722	0.0611	15.7992	 0	   NaN	0.0000	15.8346	0.0095	 92	"92"
